1 0.288411 0.595947 0.115885 0.081543
1 0.430013 0.447754 0.097005 0.095703
1 0.850586 0.311768 0.087891 0.092285
1 0.636719 0.607666 0.115885 0.077637
0 0.308268 0.260254 0.061849 0.075195
0 0.732422 0.283691 0.093750 0.057617
0 0.583659 0.457520 0.067057 0.070312
0 0.779622 0.602051 0.061849 0.075195
0 0.450846 0.782959 0.063151 0.071777
0 0.762370 0.784912 0.057292 0.071777
2 0.535156 0.302246 0.075521 0.109375
2 0.284831 0.427979 0.078776 0.102051
2 0.731445 0.454834 0.073568 0.102051
2 0.441081 0.612061 0.074870 0.105957
2 0.250651 0.780762 0.080729 0.113281
2 0.628581 0.772217 0.070964 0.104004
