1 0.217773 0.630127 0.123047 0.099121
1 0.377279 0.453613 0.103516 0.108398
1 0.883138 0.271729 0.104818 0.103027
1 0.637370 0.632568 0.130208 0.089355
0 0.222331 0.235107 0.093099 0.093262
0 0.736328 0.242920 0.114583 0.065918
0 0.563151 0.458008 0.078125 0.082031
0 0.425130 0.847168 0.071615 0.084961
0 0.803711 0.844238 0.076172 0.092773
0 0.811523 0.625488 0.072266 0.079102
2 0.497070 0.269287 0.089193 0.123535
2 0.208008 0.433350 0.091797 0.121582
2 0.402018 0.647217 0.095703 0.118652
2 0.744792 0.448486 0.085938 0.117676
2 0.192383 0.853027 0.111328 0.127930
2 0.642578 0.829102 0.087240 0.123047
