0 0.126250 0.202187 0.122500 0.114375
0 0.404167 0.136563 0.091667 0.101875
0 0.720000 0.178437 0.151667 0.065625
0 0.212917 0.425938 0.117500 0.095625
0 0.489167 0.339062 0.135000 0.104375
0 0.119583 0.575937 0.084167 0.089375
0 0.227917 0.842500 0.079167 0.088750
0 0.403333 0.849063 0.085000 0.093125
0 0.625833 0.840000 0.093333 0.095000
0 0.850833 0.849688 0.125000 0.094375
0 0.278333 0.660937 0.098333 0.093125
0 0.872917 0.377812 0.125833 0.106875
0 0.622917 0.557187 0.112500 0.091875
0 0.925000 0.053125 0.150000 0.082500
