0 0.187917 0.096250 0.132500 0.103750
0 0.430833 0.109063 0.091667 0.104375
0 0.664583 0.095312 0.095833 0.106875
0 0.865000 0.102188 0.090000 0.096875
0 0.438750 0.428125 0.097500 0.091250
0 0.796667 0.313437 0.111667 0.088125
0 0.953333 0.406562 0.091667 0.091875
0 0.847500 0.557187 0.113333 0.104375
0 0.193750 0.607812 0.129167 0.094375
0 0.347083 0.798125 0.125833 0.071250
0 0.560833 0.649375 0.116667 0.100000
0 0.160417 0.903750 0.139167 0.075000
0 0.642917 0.836562 0.095833 0.100625
0 0.915417 0.778125 0.107500 0.102500
