0 0.176250 0.229687 0.080833 0.088125
0 0.397083 0.174375 0.077500 0.083750
0 0.641250 0.201875 0.132500 0.060000
0 0.803333 0.107500 0.131667 0.068750
0 0.766250 0.360312 0.112500 0.098125
0 0.467083 0.329375 0.119167 0.085000
0 0.228750 0.397188 0.124167 0.110625
0 0.148750 0.533750 0.100833 0.095000
0 0.278333 0.595313 0.113333 0.118125
0 0.561250 0.508125 0.130833 0.098750
0 0.227917 0.766563 0.114167 0.089375
0 0.383750 0.777188 0.092500 0.085625
0 0.577500 0.769062 0.078333 0.091875
0 0.776667 0.781875 0.115000 0.098750
