0 0.212565 0.192627 0.110026 0.091309
0 0.411784 0.201904 0.078776 0.098145
0 0.604818 0.197266 0.071615 0.082031
0 0.774414 0.203857 0.067057 0.083496
0 0.408854 0.462891 0.098958 0.079102
0 0.189453 0.611572 0.126302 0.083496
0 0.716146 0.371582 0.100260 0.079102
0 0.853190 0.451904 0.074870 0.088379
0 0.505208 0.655273 0.110677 0.088867
0 0.761393 0.581543 0.102214 0.089844
0 0.310547 0.778809 0.119792 0.067383
0 0.141927 0.871338 0.136719 0.071777
0 0.570638 0.822998 0.085286 0.093262
0 0.820312 0.778564 0.100260 0.090332
