0 0.178333 0.086875 0.140000 0.113750
0 0.434583 0.101250 0.090833 0.111250
0 0.682500 0.092500 0.090000 0.113750
0 0.884583 0.096250 0.089167 0.112500
0 0.814583 0.314375 0.115833 0.097500
0 0.448333 0.429688 0.115000 0.090625
0 0.190833 0.616563 0.131667 0.104375
0 0.570833 0.658125 0.138333 0.107500
0 0.348333 0.809688 0.148333 0.071875
0 0.149167 0.918750 0.156667 0.086250
0 0.656667 0.847187 0.100000 0.103125
0 0.962917 0.406250 0.072500 0.105000
0 0.864583 0.567813 0.117500 0.101875
0 0.931667 0.791875 0.108333 0.108750
