0 0.195000 0.189062 0.103333 0.090625
0 0.222500 0.364063 0.096667 0.085625
0 0.100000 0.501250 0.098333 0.096250
0 0.236250 0.590313 0.117500 0.098125
0 0.136667 0.807500 0.103333 0.101250
0 0.337500 0.812187 0.095000 0.108125
0 0.595000 0.797500 0.090000 0.102500
0 0.847917 0.811875 0.135833 0.102500
0 0.593750 0.476875 0.100833 0.087500
0 0.485417 0.282500 0.122500 0.090000
0 0.430000 0.134687 0.083333 0.081875
0 0.682500 0.159062 0.111667 0.064375
0 0.820833 0.305937 0.116667 0.094375
0 0.845000 0.072188 0.130000 0.069375
