0 0.239167 0.243125 0.056667 0.067500
0 0.401667 0.210000 0.055000 0.062500
0 0.574583 0.229375 0.082500 0.041250
0 0.689583 0.166250 0.100833 0.050000
0 0.270000 0.370000 0.071667 0.063750
0 0.443333 0.318125 0.085000 0.062500
0 0.665833 0.340938 0.081667 0.065625
0 0.514167 0.453437 0.070000 0.059375
0 0.188333 0.462813 0.080000 0.071875
0 0.287917 0.522813 0.074167 0.055625
0 0.235000 0.659062 0.055000 0.066875
0 0.358333 0.660625 0.071667 0.071250
0 0.511250 0.654062 0.059167 0.064375
0 0.669167 0.665312 0.085000 0.073125
