2 0.209961 0.364258 0.093099 0.130859
2 0.518229 0.196533 0.095052 0.136230
2 0.776367 0.383789 0.091797 0.120117
2 0.419271 0.589111 0.097656 0.117676
2 0.653971 0.776855 0.087891 0.127930
2 0.195638 0.794189 0.090495 0.129395
1 0.388997 0.387939 0.104818 0.111816
1 0.223307 0.569092 0.148438 0.104004
1 0.655273 0.576416 0.132161 0.091309
1 0.931315 0.198730 0.099609 0.117188
0 0.224609 0.151367 0.078125 0.097656
0 0.583008 0.397217 0.065755 0.084473
0 0.837891 0.574219 0.076823 0.087891
0 0.776693 0.163818 0.119792 0.071777
0 0.433594 0.793213 0.072917 0.092285
0 0.816732 0.794922 0.069661 0.091797
